# First 1000 Highly abundant numbers, ref: https://oeis.org/A002093/b002093.txt
1 1
2 2
3 3
4 4
5 6
6 8
7 10
8 12
9 16
10 18
11 20
12 24
13 30
14 36
15 42
16 48
17 60
18 72
19 84
20 90
21 96
22 108
23 120
24 144
25 168
26 180
27 210
28 216
29 240
30 288
31 300
32 336
33 360
34 420
35 480
36 504
37 540
38 600
39 630
40 660
41 720
42 840
43 960
44 1008
45 1080
46 1200
47 1260
48 1440
49 1560
50 1620
51 1680
52 1800
53 1920
54 1980
55 2100
56 2160
57 2340
58 2400
59 2520
60 2880
61 3024
62 3120
63 3240
64 3360
65 3600
66 3780
67 3960
68 4200
69 4320
70 4620
71 4680
72 5040
73 5760
74 5880
75 6120
76 6240
77 6300
78 6720
79 7200
80 7560
81 7920
82 8400
83 8820
84 9240
85 10080
86 10920
87 11340
88 11760
89 11880
90 12240
91 12600
92 13440
93 13860
94 15120
95 16380
96 16800
97 17640
98 18480
99 19800
100 20160
101 21840
102 22680
103 23760
104 25200
105 27720
106 30240
107 32760
108 35280
109 36960
110 37800
111 39600
112 40320
113 41580
114 42840
115 43680
116 45360
117 47520
118 47880
119 49140
120 50400
121 52920
122 54600
123 55440
124 60480
125 64680
126 65520
127 70560
128 73080
129 73920
130 75600
131 80640
132 83160
133 85680
134 90720
135 92400
136 95760
137 98280
138 100800
139 105840
140 109200
141 110880
142 120120
143 120960
144 126000
145 128520
146 131040
147 138600
148 147840
149 151200
150 161280
151 163800
152 166320
153 180180
154 181440
155 184800
156 191520
157 194040
158 196560
159 211680
160 214200
161 218400
162 221760
163 239400
164 240240
165 249480
166 257040
167 262080
168 277200
169 294840
170 302400
171 314160
172 327600
173 332640
174 360360
175 383040
176 388080
177 393120
178 415800
179 428400
180 443520
181 458640
182 471240
183 480480
184 491400
185 498960
186 514080
187 524160
188 526680
189 540540
190 554400
191 582120
192 589680
193 604800
194 609840
195 622440
196 637560
197 655200
198 665280
199 718200
200 720720
201 776160
202 786240
203 831600
204 887040
205 914760
206 917280
207 942480
208 982800
209 997920
210 1048320
211 1053360
212 1081080
213 1108800
214 1164240
215 1179360
216 1201200
217 1219680
218 1244880
219 1275120
220 1310400
221 1330560
222 1375920
223 1386000
224 1413720
225 1441440
226 1552320
227 1572480
228 1580040
229 1607760
230 1638000
231 1663200
232 1769040
233 1774080
234 1801800
235 1884960
236 1940400
237 1965600
238 1995840
239 2079000
240 2106720
241 2162160
242 2328480
243 2356200
244 2402400
245 2439360
246 2489760
247 2494800
248 2522520
249 2550240
250 2620800
251 2633400
252 2661120
253 2751840
254 2772000
255 2827440
256 2882880
257 3104640
258 3144960
259 3160080
260 3243240
261 3326400
262 3492720
263 3538080
264 3598560
265 3603600
266 3769920
267 3825360
268 3880800
269 3931200
270 3991680
271 4084080
272 4158000
273 4213440
274 4324320
275 4656960
276 4712400
277 4914000
278 4979520
279 4989600
280 5045040
281 5266800
282 5405400
283 5569200
284 5654880
285 5765760
286 6098400
287 6126120
288 6320160
289 6486480
290 6652800
291 6683040
292 6846840
293 7068600
294 7207200
295 7539840
296 7567560
297 7650720
298 7761600
299 7862400
300 7900200
301 7927920
302 8168160
303 8288280
304 8426880
305 8482320
306 8648640
307 9313920
308 9369360
309 9424800
310 9729720
311 9896040
312 9959040
313 9979200
314 10090080
315 10450440
316 10533600
317 10810800
318 11309760
319 11531520
320 11891880
321 12113640
322 12186720
323 12196800
324 12252240
325 12640320
326 12972960
327 13693680
328 14137200
329 14414400
330 15079680
331 15135120
332 15800400
333 16216200
334 16576560
335 16964640
336 17297280
337 17907120
338 18018000
339 18378360
340 18849600
341 19126800
342 19459440
343 19792080
344 19958400
345 20049120
346 20180160
347 20540520
348 20900880
349 21067200
350 21621600
351 22619520
352 23063040
353 23284800
354 23562000
355 23783760
356 24227280
357 24504480
358 25225200
359 25945920
360 26860680
361 27027000
362 27387360
363 28274400
364 28828800
365 30270240
366 30630600
367 31600800
368 32432400
369 33153120
370 33929280
371 34234200
372 34594560
373 35814240
374 36036000
375 36756720
376 38918880
377 39584160
378 40360320
379 41081040
380 42411600
381 42882840
382 43243200
383 45239040
384 45405360
385 46569600
386 46781280
387 46846800
388 47124000
389 47401200
390 47567520
391 48454560
392 48648600
393 49008960
394 49729680
395 50450400
396 51891840
397 53333280
398 53721360
399 54054000
400 54774720
401 56548800
402 57657600
403 59099040
404 60540480
405 61261200
406 63201600
407 64864800
408 66306240
409 67026960
410 68468400
411 71628480
412 72072000
413 73513440
414 75675600
415 77837760
416 79168320
417 79279200
418 79999920
419 80720640
420 81995760
421 82162080
422 84823200
423 85765680
424 86486400
425 89369280
426 89535600
427 90810720
428 91891800
429 94802400
430 95135040
431 95855760
432 97297200
433 98017920
434 99459360
435 100900800
436 102702600
437 104504400
438 106666560
439 107442720
440 108108000
441 109549440
442 110270160
443 113097600
444 115315200
445 116035920
446 116396280
447 118918800
448 121080960
449 122522400
450 128648520
451 129729600
452 132612480
453 134053920
454 136936800
455 143256960
456 143783640
457 144144000
458 145363680
459 147026880
460 151351200
461 155675520
462 156756600
463 157477320
464 158558400
465 159279120
466 159999840
467 161164080
468 162162000
469 164324160
470 169646400
471 171531360
472 172972800
473 177297120
474 178738560
475 179071200
476 181621440
477 183783600
478 191711520
479 194594400
480 196035840
481 198918720
482 201801600
483 205405200
484 214414200
485 214885440
486 216216000
487 219098880
488 220540320
489 227026800
490 232071840
491 232792560
492 242161920
493 245044800
494 248648400
495 257297040
496 259459200
497 265224960
498 266666400
499 268107840
500 268606800
501 273873600
502 281801520
503 287567280
504 294053760
505 302702400
506 306306000
507 313513200
508 314954640
509 322328160
510 324324000
511 328648320
512 331531200
513 335134800
514 342342000
515 343062720
516 348107760
517 349188840
518 355314960
519 358142400
520 363242880
521 367567200
522 383423040
523 389188800
524 392071680
525 395841600
526 397116720
527 397837440
528 404323920
529 410810400
530 428828400
531 441080640
532 454053600
533 459459000
534 464143680
535 465585120
536 479278800
537 490089600
538 497296800
539 514594080
540 532972440
541 533332800
542 534053520
543 536215680
544 537213600
545 547747200
546 551350800
547 563603040
548 575134560
549 581981400
550 588107520
551 596756160
552 605404800
553 612612000
554 616215600
555 627026400
556 629909280
557 643242600
558 648648000
559 650311200
560 657296640
561 661620960
562 670269600
563 684684000
564 696215520
565 698377680
566 735134400
567 771891120
568 787386600
569 794233440
570 799999200
571 805820400
572 808647840
573 821620800
574 845404560
575 857656800
576 882161280
577 903782880
578 906665760
579 908107200
580 918918000
581 931170240
582 944863920
583 958557600
584 980179200
585 994593600
586 1027026000
587 1029188160
588 1047566520
589 1065944880
590 1074427200
591 1095494400
592 1102701600
593 1127206080
594 1139458320
595 1150269120
596 1163962800
597 1210809600
598 1225224000
599 1232431200
600 1259818560
601 1273512240
602 1286485200
603 1323241920
604 1340539200
605 1347746400
606 1359998640
607 1369368000
608 1392431040
609 1396755360
610 1437836400
611 1470268800
612 1519277760
613 1541620080
614 1543782240
615 1574773200
616 1611640800
617 1617295680
618 1629547920
619 1643241600
620 1690809120
621 1715313600
622 1740538800
623 1745944200
624 1776574800
625 1807565760
626 1813331520
627 1816214400
628 1837836000
629 1862340480
630 1889727840
631 1917115200
632 1960358400
633 1972610640
634 1985583600
635 1989187200
636 2021619600
637 2054052000
638 2095133040
639 2131889760
640 2190988800
641 2204682480
642 2205403200
643 2254412160
644 2278916640
645 2300538240
646 2320718400
647 2327925600
648 2444321880
649 2450448000
650 2464862400
651 2519637120
652 2536213680
653 2572970400
654 2646483840
655 2664862200
656 2670267600
657 2677114440
658 2681078400
659 2695492800
660 2719997280
661 2738736000
662 2756754000
663 2793510720
664 2875672800
665 2940537600
666 2983780800
667 3038555520
668 3039996960
669 3063060000
670 3081078000
671 3087564480
672 3149546400
673 3223281600
674 3259095840
675 3286483200
676 3308104800
677 3381618240
678 3430627200
679 3481077600
680 3491888400
681 3675672000
682 3724680960
683 3779455680
684 3834230400
685 3859455600
686 3945221280
687 3971167200
688 4021617600
689 4043239200
690 4108104000
691 4190266080
692 4227022800
693 4389184800
694 4409364960
695 4410806400
696 4508824320
697 4518914400
698 4533328800
699 4557833280
700 4631346720
701 4655851200
702 4724319600
703 4888643760
704 4929724800
705 5023418400
706 5066661600
707 5072427360
708 5145940800
709 5237832600
710 5329724400
711 5354228880
712 5513508000
713 5587021440
714 5636030400
715 5697291600
716 5751345600
717 5819814000
718 5881075200
719 5917831920
720 5956750800
721 6052606560
722 6064858800
723 6126120000
724 6162156000
725 6248642400
726 6285399120
727 6299092800
728 6367561200
729 6395669280
730 6432426000
731 6518191680
732 6614047440
733 6616209600
734 6750984240
735 6763236480
736 6962155200
737 6983776800
738 7351344000
739 7394587200
740 7449361920
741 7520990400
742 7535127600
743 7558911360
744 7596388800
745 7682154480
746 7718911200
747 7890442560
748 7942334400
749 8031343320
750 8086478400
751 8147739600
752 8380532160
753 8454045600
754 8818729920
755 8821612800
756 9005396400
757 9037828800
758 9066657600
759 9078909840
760 9115666560
761 9189180000
762 9262693440
763 9299450160
764 9311702400
765 9448639200
766 9777287520
767 10126476360
768 10133323200
769 10144854720
770 10291881600
771 10475665200
772 10659448800
773 10708457760
774 11023412400
775 11027016000
776 11174042880
777 11272060800
778 11394583200
779 11502691200
780 11639628000
781 11835663840
782 11913501600
783 12129717600
784 12221609400
785 12324312000
786 12355912800
787 12497284800
788 12570798240
789 12681068400
790 12864852000
791 13036383360
792 13228094880
793 13232419200
794 13385572200
795 13501968480
796 13599986400
797 13924310400
798 13967553600
799 14665931280
800 14923228320
801 15070255200
802 15192777600
803 15199984800
804 15217282080
805 15364308960
806 15437822400
807 15747732000
808 15805389600
809 15952416480
810 15989173200
811 16062686640
812 16295479200
813 16761064320
814 16908091200
815 17459442000
816 17870252400
817 18010792800
818 18157819680
819 18378360000
820 18486468000
821 18533869200
822 18598900320
823 18623404800
824 18897278400
825 19481061600
826 19554575040
827 20216196000
828 20252952720
829 20583763200
830 20886465600
831 20951330400
832 21416915520
833 21649708080
834 22046824800
835 22348085760
836 22544121600
837 22789166400
838 23156733600
839 23279256000
840 23621598000
841 23671327680
842 23827003200
843 24259435200
844 24443218800
845 25141596480
846 25362136800
847 26072766720
848 26207541360
849 26456189760
850 26648622000
851 26771144400
852 27798170400
853 27935107200
854 28866277440
855 29290781520
856 29331862560
857 29589159600
858 30140510400
859 30263032800
860 30399969600
861 30434564160
862 30728617920
863 30875644800
864 31426995600
865 31978346400
866 32125373280
867 32590958400
868 33070237200
869 33522128640
870 33754921200
871 33816182400
872 34918884000
873 35740504800
874 36082846800
875 36664828200
876 37014017040
877 37067738400
878 37197800640
879 37246809600
880 37479602160
881 37794556800
882 38410772400
883 39109150080
884 39452212800
885 39881041200
886 40156716600
887 40505905440
888 41697255600
889 41902660800
890 42833831040
891 43299416160
892 44093649600
893 44572928400
894 44696171520
895 45088243200
896 45210765600
897 45394549200
898 45578332800
899 46092926880
900 46313467200
901 46497250800
902 46558512000
903 47243196000
904 47654006400
905 48188059920
906 48886437600
907 50283192960
908 50632381800
909 50724273600
910 51679948320
911 52378326000
912 53297244000
913 53542288800
914 55870214400
915 56691835200
916 57732554880
917 58198140000
918 58581563040
919 58663725120
920 59178319200
921 60526065600
922 60758858160
923 61457235840
924 61751289600
925 62559937440
926 62853991200
927 63956692800
928 64250746560
929 65181916800
930 66140474400
931 67044257280
932 67509842400
933 68367499200
934 69837768000
935 71481009600
936 72165693600
937 73329656400
938 74616141600
939 74959204320
940 75589113600
941 76086410400
942 76821544800
943 78218300160
944 78904425600
945 79762082400
946 80313433200
947 83394511200
948 83805321600
949 85667662080
950 86133247200
951 86598832320
952 87995587680
953 88767478800
954 90421531200
955 90789098400
956 92185853760
957 92626934400
958 92994501600
959 94280986800
960 94486392000
961 95199904800
962 95444949600
963 96376119840
964 97772875200
965 101264763600
966 103359896640
967 104756652000
968 107084577600
969 108248540400
970 111740428800
971 112438806480
972 113383670400
973 114533939520
974 115232317200
975 116396280000
976 117163126080
977 117327450240
978 118356638400
979 120470149800
980 121517716320
981 122216094000
982 122583661200
983 125119874880
984 125707982400
985 127913385600
986 128501493120
987 131037706800
988 132280948800
989 133855722000
990 135019684800
991 137005268400
992 139209950880
993 139491752400
994 139675536000
995 142962019200
996 143167424400
997 144331387200
998 146453907600
999 146659312800
1000 149918408640