# First 500 Superabundant numbers, ref: https://oeis.org/A004394/b004394.txt
1 1
2 2
3 4
4 6
5 12
6 24
7 36
8 48
9 60
10 120
11 180
12 240
13 360
14 720
15 840
16 1260
17 1680
18 2520
19 5040
20 10080
21 15120
22 25200
23 27720
24 55440
25 110880
26 166320
27 277200
28 332640
29 554400
30 665280
31 720720
32 1441440
33 2162160
34 3603600
35 4324320
36 7207200
37 8648640
38 10810800
39 21621600
40 36756720
41 61261200
42 73513440
43 122522400
44 147026880
45 183783600
46 367567200
47 698377680
48 735134400
49 1102701600
50 1163962800
51 1396755360
52 2327925600
53 2793510720
54 3491888400
55 6983776800
56 13967553600
57 20951330400
58 27935107200
59 41902660800
60 48886437600
61 80313433200
62 160626866400
63 321253732800
64 481880599200
65 642507465600
66 963761198400
67 1124388064800
68 1927522396800
69 2248776129600
70 3373164194400
71 4497552259200
72 4658179125600
73 6746328388800
74 9316358251200
75 13974537376800
76 18632716502400
77 27949074753600
78 32607253879200
79 55898149507200
80 65214507758400
81 97821761637600
82 130429015516800
83 144403552893600
84 195643523275200
85 288807105787200
86 433210658680800
87 577614211574400
88 866421317361600
89 1010824870255200
90 1732842634723200
91 2021649740510400
92 3032474610765600
93 4043299481020800
94 6064949221531200
95 10685862914126400
96 12129898443062400
97 21371725828252800
98 24259796886124800
99 30324746107656000
100 32057588742379200
101 37400520199442400
102 64115177484758400
103 74801040398884800
104 112201560598327200
105 149602080797769600
106 224403121196654400
107 448806242393308800
108 897612484786617600
109 1122015605983272000
110 1346418727179926400
111 1533421328177138400
112 2244031211966544000
113 3066842656354276800
114 4600263984531415200
115 6133685312708553600
116 9200527969062830400
117 18401055938125660800
118 36802111876251321600
119 46002639845314152000
120 55203167814376982400
121 65937117111616951200
122 73604223752502643200
123 92005279690628304000
124 131874234223233902400
125 197811351334850853600
126 263748468446467804800
127 395622702669701707200
128 791245405339403414400
129 1582490810678806828800
130 1978113513348508536000
131 2373736216018210243200
132 3164981621357613657600
133 3956227026697017072000
134 6198089008491993412800
135 9297133512737990119200
136 12396178016983986825600
137 18594267025475980238400
138 37188534050951960476800
139 74377068101903920953600
140 92971335127379901192000
141 111565602152855881430400
142 148754136203807841907200
143 185942670254759802384000
144 328498717450075650878400
145 371885340509519604768000
146 557828010764279407152000
147 656997434900151301756800
148 985496152350226952635200
149 1970992304700453905270400
150 3941984609400907810540800
151 4927480761751134763176000
152 5912976914101361715811200
153 7883969218801815621081600
154 9854961523502269526352000
155 19709923047004539052704000
156 29564884570506808579056000
157 39419846094009078105408000
158 43361830703409985915948800
159 54202288379262482394936000
160 58144272988663390205476800
161 108404576758524964789872000
162 116288545977326780410953600
163 232577091954653560821907200
164 290721364943316951027384000
165 348865637931980341232860800
166 465154183909307121643814400
167 581442729886633902054768000
168 1162885459773267804109536000
169 1744328189659901706164304000
170 2325770919546535608219072000
171 2558348011501189169040979200
172 3197935014376486461301224000
173 3488656379319803412328608000
174 3546800652308466802534084800
175 6395870028752972922602448000
176 7093601304616933605068169600
177 14187202609233867210136339200
178 17734003261542334012670424000
179 21280803913850800815204508800
180 28374405218467734420272678400
181 35468006523084668025340848000
182 70936013046169336050681696000
183 106404019569254004076022544000
184 141872026092338672101363392000
185 156059228701572539311499731200
186 195074035876965674139374664000
187 212808039138508008152045088000
188 390148071753931348278749328000
189 475271287409334551539567363200
190 780296143507862696557498656000
191 950542574818669103079134726400
192 1188178218523336378848918408000
193 1425813862228003654618702089600
194 1901085149637338206158269452800
195 2340888430523588089672495968000
196 2376356437046672757697836816000
197 4752712874093345515395673632000
198 7129069311140018273093510448000
199 9505425748186691030791347264000
200 10455968323005360133870481990400
201 13069960403756700167338102488000
202 14258138622280036546187020896000
203 26139920807513400334676204976000
204 33744261406062753159309282787200
205 52279841615026800669352409952000
206 67488522812125506318618565574400
207 78419762422540201004028614928000
208 101232784218188259477927848361600
209 104559683230053601338704819904000
210 134977045624251012637237131148800
211 156839524845080402008057229856000
212 168721307030313765796546413936000
213 337442614060627531593092827872000
214 506163921090941297389639241808000
215 674885228121255063186185655744000
216 742373750933380569504804221318400
217 927967188666725711881005276648000
218 1012327842181882594779278483616000
219 1855934377333451423762010553296000
220 3711868754666902847524021106592000
221 5567803132000354271286031659888000
222 7423737509333805695048042213184000
223 11135606264000708542572063319776000
224 12316655413212904903147888217328000
225 24633310826425809806295776434656000
226 36949966239638714709443664651984000
227 49266621652851619612591552869312000
228 54193283818136781573850708156243200
229 67741604772670976967313385195304000
230 73899932479277429418887329303968000
231 135483209545341953934626770390608000
232 270966419090683907869253540781216000
233 406449628636025861803880311171824000
234 541932838181367815738507081562432000
235 812899257272051723607760622343648000
236 973015777643819487348683169168912000
237 1625798514544103447215521244687296000
238 1946031555287638974697366338337824000
239 2919047332931458462046049507506736000
240 3892063110575277949394732676675648000
241 4281269421632805744334205944343212800
242 5283845172268336203450444045233712000
243 5351586777041007180417757430429016000
244 5838094665862916924092099015013472000
245 10567690344536672406900888090467424000
246 10703173554082014360835514860858032000
247 21406347108164028721671029721716064000
248 32109520662246043082506544582574096000
249 42812694216328057443342059443432128000
250 64219041324492086165013089165148192000
251 128438082648984172330026178330296384000
252 161520619088874034899881406082039392000
253 242280928633311052349822109123059088000
254 278282512406132373381723386382308832000
255 355345361995522876779739093380486662400
256 417423768609198560072585079573463248000
257 484561857266622104699644218246118176000
258 834847537218397120145170159146926496000
259 888363404988807191949347733451216656000
260 1776726809977614383898695466902433312000
261 2665090214966421575848043200353649968000
262 3553453619955228767797390933804866624000
263 5330180429932843151696086400707299936000
264 10660360859865686303392172801414599872000
265 21320721719731372606784345602829199744000
266 21563002648364683659134167711952258832000
267 23097448529708986990683041069731633056000
268 34646172794563480486024561604597449584000
269 43126005296729367318268335423904517664000
270 46194897059417973981366082139463266112000
271 69292345589126960972049123209194899168000
272 79064343044003840083491948277158282384000
273 158128686088007680166983896554316564768000
274 237193029132011520250475844831474847152000
275 316257372176015360333967793108633129536000
276 474386058264023040500951689662949694304000
277 948772116528046081001903379325899388608000
278 1897544233056092162003806758651798777216000
279 2055672919144099842170790655206115341984000
280 3083509378716149763256185982809173012976000
281 4111345838288199684341581310412230683968000
282 6167018757432299526512371965618346025952000
283 7669241275268372488098718982884353391248000
284 12334037514864599053024743931236692051904000
285 15338482550536744976197437965768706782496000
286 23007723825805117464296156948653060173744000
287 30676965101073489952394875931537413564992000
288 46015447651610234928592313897306120347488000
289 92030895303220469857184627794612240694976000
290 184061790606440939714369255589224481389952000
291 199400273156977684690566693554993188172448000
292 299100409735466527035850040332489782258672000
293 398800546313955369381133387109986376344896000
294 598200819470933054071700080664979564517344000
295 1196401638941866108143400161329959129034688000
296 1549186737604211242595941234542639385032096000
297 2323780106406316863893911851813959077548144000
298 3098373475208422485191882469085278770064192000
299 4647560212812633727787823703627918155096288000
300 9295120425625267455575647407255836310192576000
301 18590240851250534911151294814511672620385152000
302 20139427588854746153747236049054312005417248000
303 30209141383282119230620854073581468008125872000
304 40278855177709492307494472098108624010834496000
305 60418282766564238461241708147162936016251744000
306 120836565533128476922483416294325872032503488000
307 159566233973233757987381947157891856658305888000
308 239349350959850636981072920736837784987458832000
309 319132467946467515974763894315783713316611776000
310 422927979365949669228691957030140552113762208000
311 478698701919701273962145841473675569974917664000
312 957397403839402547924291682947351139949835328000
313 1914794807678805095848583365894702279899670656000
314 2074361041652038853835965313052594136557976544000
315 3111541562478058280753947969578891204836964816000
316 4148722083304077707671930626105188273115953088000
317 6223083124956116561507895939157782409673929632000
318 12446166249912233123015791878315564819347859264000
319 17073587035136012104649868345894428662438730016000
320 24892332499824466246031583756631129638695718528000
321 25610380552704018156974802518841642993658095024000
322 34147174070272024209299736691788857324877460032000
323 43561581874692815930555271574104476867717507424000
324 51220761105408036313949605037683285987316190048000
325 102441522210816072627899210075366571974632380096000
326 204883044421632145255798420150733143949264760192000
327 221956631456768157360448288496627572611703490208000
328 332934947185152236040672432744941358917555235312000
329 443913262913536314720896576993255145223406980416000
330 665869894370304472081344865489882717835110470624000
331 1331739788740608944162689730979765435670220941248000
332 2663479577481217888325379461959530871340441882496000
333 2791531480244737979110253474553739086308732357616000
334 3722041973659650638813671299404985448411643143488000
335 3995219366221826832488069192939296307010662823744000
336 4661089260592131304569414058429179024845773294368000
337 5583062960489475958220506949107478172617464715232000
338 11166125920978951916441013898214956345234929430464000
339 22332251841957903832882027796429912690469858860928000
340 24193272828787729152288863446132405414675680432672000
341 36289909243181593728433295169198608122013520649008000
342 48386545657575458304577726892264810829351360865344000
343 72579818486363187456866590338397216244027041298016000
344 145159636972726374913733180676794432488054082596032000
345 290319273945452749827466361353588864976108165192064000
346 420590743023540522185944856832763355670515675214144000
347 435478910918179124741199542030383297464162247788096000
348 508058729404542312198066132368780513708189289086112000
349 630886114535310783278917285249145033505773512821216000
350 1016117458809084624396132264737561027416378578172224000
351 1261772229070621566557834570498290067011547025642432000
352 2523544458141243133115669140996580134023094051284864000
353 2733839829653013394208641569412961811858351888891936000
354 4100759744479520091312962354119442717787527833337904000
355 5467679659306026788417283138825923623716703777783872000
356 8201519488959040182625924708238885435575055666675808000
357 16403038977918080365251849416477770871150111333351616000
358 32806077955836160730503698832955541742300222666703232000
359 49209116933754241095755548249433312613450334000054848000
360 57410636422713281278381472957672198049025389666730656000
361 114821272845426562556762945915344396098050779333461312000
362 229642545690853125113525891830688792196101558666922624000
363 278851662624607366209281440080122104809551892666977472000
364 344463818536279687670288837746033188294152338000383936000
365 347197658365932701064497479315446150106010689889275872000
366 520796487548899051596746218973169225159016034833913808000
367 694395316731865402128994958630892300212021379778551744000
368 1041592975097798103193492437946338450318032069667827616000
369 2083185950195596206386984875892676900636064139335655232000
370 4166371900391192412773969751785353801272128278671310464000
371 6249557850586788619160954627678030701908192418006965696000
372 7291150825684586722354447065624369152226224487674793312000
373 14582301651369173444708894131248738304452448975349586624000
374 29164603302738346889417788262497476608904897950699173248000
375 35414161153325135508578742890175507310813090368706138944000
376 43746904954107520334126682393746214913357346926048759872000
377 45482893245937183839449169790323445663887400375495139232000
378 68224339868905775759173754685485168495831100563242708848000
379 90965786491874367678898339580646891327774800750990278464000
380 136448679737811551518347509370970336991662201126485417696000
381 272897359475623103036695018741940673983324402252970835392000
382 545794718951246206073390037483881347966648804505941670784000
383 818692078426869309110085056225822021949973206758912506176000
384 955140758164680860628432565596792358941635407885397923872000
385 1910281516329361721256865131193584717883270815770795847744000
386 3820563032658723442513730262387169435766541631541591695488000
387 4639255111085592751623815318612991457716514838300504201664000
388 5730844548988085163770595393580754153649812447312387543232000
389 6231156374693394186004536261274312055952573851442834074784000
390 9278510222171185503247630637225982915433029676601008403328000
391 9346734562040091279006804391911468083928860777164251112176000
392 12462312749386788372009072522548624111905147702885668149568000
393 16237392888799574630683353615145470102007801934051764705824000
394 18693469124080182558013608783822936167857721554328502224352000
395 37386938248160365116027217567645872335715443108657004448704000
396 74773876496320730232054435135291744671430886217314008897408000
397 112160814744481095348081652702937617007146329325971013346112000
398 130854283868561277906095261486760553175004050880299515570464000
399 261708567737122555812190522973521106350008101760599031140928000
400 523417135474245111624381045947042212700016203521198062281856000
401 635577950218726206972462698649979829707162532847169075627968000
402 785125703211367667436571568920563319050024305281797093422784000
403 866130736082381791854630540317129375777407765350553936394976000
404 1271155900437452413944925397299959659414325065694338151255936000
405 1299196104123572687781945810475694063666111648025830904592464000
406 1732261472164763583709261080634258751554815530701107872789952000
407 2224522825765541724403619445274929403975068864965091764697888000
408 2598392208247145375563891620951388127332223296051661809184928000
409 5196784416494290751127783241902776254664446592103323618369856000
410 10393568832988581502255566483805552509328893184206647236739712000
411 15590353249482872253383349725708328763993339776309970855109568000
412 18188745457730017628947241346659716891325563072361632664294496000
413 36377490915460035257894482693319433782651126144723265328588992000
414 72754981830920070515788965386638867565302252289446530657177984000
415 88345335080402942769172315112347196329295592065756501512287552000
416 109132472746380105773683448079958301347953378434169795985766976000
417 176690670160805885538344630224694392658591184131513003024575104000
418 181887454577300176289472413466597168913255630723616326642944960000
419 218264945492760211547366896159916602695906756868339591971533952000
420 258106959352549773972679901014504553981667514074465073045702848000
421 265036005241208828307516945337041588987886776197269504536862656000
422 309208672781410299692103102893215187152534572230147755293006432000
423 387160439028824660959019851521756830972501271111697609568554272000
424 618417345562820599384206205786430374305069144460295510586012864000
425 774320878057649321918039703043513661945002542223395219137108544000
426 1548641756115298643836079406087027323890005084446790438274217088000
427 2322962634172947965754119109130540985835007626670185657411325632000
428 2710123073201772626713138960652297816807508897781883266979879904000
429 5420246146403545253426277921304595633615017795563766533959759808000
430 10840492292807090506852555842609191267230035591127533067919519616000
431 13163454926980038472606674951739732253065043217797718725330845248000
432 16260738439210635760278833763913786900845053386691299601879279424000
433 26326909853960076945213349903479464506130086435595437450661690496000
434 27101230732017726267131389606522978168075088977818832669798799040000
435 32521476878421271520557667527827573801690106773382599203758558848000
436 39490364780940115417820024855219196759195129653393156175992535744000
437 46072092244430134654123362331089062885727651262292015538657958368000
438 58461226293352523804811997579785281476847691937866339044851695072000
439 92144184488860269308246724662178125771455302524584031077315916736000
440 116922452586705047609623995159570562953695383875732678089703390144000
441 233844905173410095219247990319141125907390767751465356179406780288000
442 350767357760115142828871985478711688861086151627198034269110170432000
443 409228584053467666633683983058496970337933843565064373313961865504000
444 818457168106935333267367966116993940675867687130128746627923731008000
445 1636914336213870666534735932233987881351735374260257493255847462016000
446 1987681693973985809363607917712699570212821525887455527524957632448000
447 2455371504320805999802103898350981822027603061390386239883771193024000
448 3975363387947971618727215835425399140425643051774911055049915264896000
449 4092285840534676666336839830584969703379338435650643733139618655040000
450 4910743008641611999604207796701963644055206122780772479767542386048000
451 5963045081921957428090823753138098710638464577662366582574872897344000
452 6956885928908950332772627711994448495744875340606094346337351713568000
453 9178412528056346237355483620026289191865087634245015230041716126304000
454 13913771857817900665545255423988896991489750681212188692674703427136000
455 18356825056112692474710967240052578383730175268490030460083432252608000
456 36713650112225384949421934480105156767460350536980060920166864505216000
457 55070475168338077424132901720157735151190525805470091380250296757824000
458 64248887696394423661488385340184024343055613439715106610292012884128000
459 128497775392788847322976770680368048686111226879430213220584025768256000
460 256995550785577694645953541360736097372222453758860426441168051536512000
461 312066025953915772070086443080893832523412979564330517821418348294336000
462 385493326178366541968930312041104146058333680638290639661752077304768000
463 624132051907831544140172886161787665046825959128661035642836696588672000
464 642488876963944236614883853401840243430556134397151066102920128841280000
465 770986652356733083937860624082208292116667361276581279323504154609536000
466 936198077861747316210259329242681497570238938692991553464255044883008000
467 1092231090838705202245302550783128413831945428475156812374964219030176000
468 1496081242073184436688943830064285138274009284381937482496799728587552000
469 2184462181677410404490605101566256827663890856950313624749928438060352000
470 2992162484146368873377887660128570276548018568763874964993599457175104000
471 4368924363354820808981210203132513655327781713900627249499856876120704000
472 5984324968292737746755775320257140553096037137527749929987198914350208000
473 6553386545032231213471815304698770482991672570850940874249785314181056000
474 8976487452439106620133662980385710829644055706291624894980798371525312000
475 10472568694512291056822606810449995967918064990673562377477598100112864000
476 20945137389024582113645213620899991935836129981347124754955196200225728000
477 41890274778049164227290427241799983871672259962694249509910392400451456000
478 50866762230488270847424090222185694701316315668985874404891190771976768000
479 62835412167073746340935640862699975807508389944041374264865588600677184000
480 101733524460976541694848180444371389402632631337971748809782381543953536000
481 104725686945122910568226068104499959679180649906735623774775981001128640000
482 125670824334147492681871281725399951615016779888082748529731177201354368000
483 152600286691464812542272270666557084103948947006957623214673572315930304000
484 178033667806708947965984315777649931454607104841450560417119167701918688000
485 249845567426221800927053619620735618091759550491783559576965554674121184000
486 356067335613417895931968631555299862909214209682901120834238335403837376000
487 499691134852443601854107239241471236183519100983567119153931109348242368000
488 712134671226835791863937263110599725818428419365802241668476670807674752000
489 999382269704887203708214478482942472367038201967134238307862218696484736000
490 1068202006840253687795905894665899588727642629048703362502715006211512128000
491 1499073404557330805562321717724413708550557302950701357461793328044727104000
492 1748918971983552606489375337345149326642316853442484917038758882718848288000
493 3497837943967105212978750674690298653284633706884969834077517765437696576000
494 6995675887934210425957501349380597306569267413769939668155035530875393152000
495 8494749292491541231519823067105011015119824716720641025616828858920120256000
496 10493513831901315638936252024070895959853901120654909502232553296313089728000
497 16989498584983082463039646134210022030239649433441282051233657717840240512000
498 17489189719835526064893753373451493266423168534424849170387588827188482880000
499 20987027663802631277872504048141791919707802241309819004465106592626179456000
500 25484247877474623694559469201315033045359474150161923076850486576760360768000