# n in [1,1000] (excluding 4,5 mod 9) for which is_sum_of_3_cubes returned False
# MAX_ABS_FOR_SUM_OF_3_CUBES = 100
# generated 2025-08-12T13:09:01.243118Z

30
39
51
52
75
84
87
102
108
110
111
114
138
143
150
156
159
172
173
180
195
201
213
227
228
231
234
236
237
255
264
268
273
276
285
286
290
291
299
312
318
321
348
353
357
366
367
390
402
403
416
417
420
429
435
438
439
444
452
462
478
494
498
501
502
507
516
530
534
542
543
556
564
570
578
583
588
591
592
597
600
606
609
618
621
624
627
628
633
641
642
646
651
660
663
676
677
682
690
691
696
705
708
717
718
719
726
732
735
747
754
758
765
767
777
781
786
789
799
804
813
821
826
829
830
834
836
852
861
864
870
871
879
880
884
885
889
894
897
903
908
912
915
921
926
933
948
955
957
964
966
969
971
975
978
982
